0 0 500000000000 37
-500000 -500000 125000000000 14
-750000 -750000 31250000000 2
-875000 -875000 7812500000 0
-875000 -625000 7812500000 0
-625000 -875000 7812500000 0
-625000 -625000 7812500000 2
-687500 -687500 1953125000 1
-718750 -718750 488281250 0
-718750 -656250 488281250 0
-656250 -718750 488281250 0
-656250 -656250 488281250 0
-687500 -562500 1953125000 0
-562500 -687500 1953125000 1
-593750 -718750 488281250 0
-593750 -656250 488281250 0
-531250 -718750 488281250 0
-531250 -656250 488281250 0
-562500 -562500 1953125000 0
-750000 -250000 31250000000 4
-875000 -375000 7812500000 1
-937500 -437500 1953125000 0
-937500 -312500 1953125000 0
-812500 -437500 1953125000 1
-843750 -468750 488281250 0
-843750 -406250 488281250 0
-781250 -468750 488281250 0
-781250 -406250 488281250 1
-796875 -421875 122070313 0
-796875 -390625 122070313 0
-765625 -421875 122070313 0
-765625 -390625 122070313 0
-812500 -312500 1953125000 0
-875000 -125000 7812500000 0
-625000 -375000 7812500000 0
-625000 -125000 7812500000 1
-687500 -187500 1953125000 0
-687500 -62500 1953125000 0
-562500 -187500 1953125000 1
-593750 -218750 488281250 0
-593750 -156250 488281250 0
-531250 -218750 488281250 0
-531250 -156250 488281250 0
-562500 -62500 1953125000 0
-250000 -750000 31250000000 0
-250000 -250000 31250000000 1
-375000 -375000 7812500000 1
-437500 -437500 1953125000 0
-437500 -312500 1953125000 0
-312500 -437500 1953125000 0
-312500 -312500 1953125000 0
-375000 -125000 7812500000 0
-125000 -375000 7812500000 1
-187500 -437500 1953125000 1
-218750 -468750 488281250 0
-218750 -406250 488281250 0
-156250 -468750 488281250 0
-156250 -406250 488281250 0
-187500 -312500 1953125000 0
-62500 -437500 1953125000 0
-62500 -312500 1953125000 0
-125000 -125000 7812500000 0
-500000 500000 125000000000 13
-750000 250000 31250000000 3
-875000 125000 7812500000 0
-875000 375000 7812500000 0
-625000 125000 7812500000 2
-687500 62500 1953125000 0
-687500 187500 1953125000 0
-562500 62500 1953125000 0
-562500 187500 1953125000 0
-625000 375000 7812500000 1
-687500 312500 1953125000 0
-687500 437500 1953125000 0
-562500 312500 1953125000 0
-562500 437500 1953125000 2
-593750 406250 488281250 1
-609375 390625 122070313 0
-609375 421875 122070313 0
-578125 390625 122070313 0
-578125 421875 122070313 0
-593750 468750 488281250 0
-531250 406250 488281250 1
-546875 390625 122070313 0
-546875 421875 122070313 0
-515625 390625 122070313 0
-515625 421875 122070313 1
-523437 414063 30513672 0
-523437 429688 30513672 0
-507812 414063 30513672 0
-507812 429688 30513672 1
-511718 425782 7628418 1
-513671 423829 1907105 0
-513671 427735 1907105 0
-509765 423829 1907105 0
-509765 427735 1907105 0
-511718 433594 7628418 0
-503906 425782 7628418 0
-503906 433594 7628418 0
-531250 468750 488281250 0
-750000 750000 31250000000 6
-875000 625000 7812500000 0
-875000 875000 7812500000 0
-625000 625000 7812500000 1
-687500 562500 1953125000 0
-687500 687500 1953125000 1
-718750 656250 488281250 0
-718750 718750 488281250 0
-656250 656250 488281250 0
-656250 718750 488281250 1
-671875 703125 122070313 0
-671875 734375 122070313 0
-640625 703125 122070313 0
-640625 734375 122070313 0
-562500 562500 1953125000 0
-562500 687500 1953125000 0
-625000 875000 7812500000 0
-250000 250000 31250000000 3
-375000 125000 7812500000 0
-375000 375000 7812500000 0
-125000 125000 7812500000 1
-187500 62500 1953125000 0
-187500 187500 1953125000 1
-218750 156250 488281250 0
-218750 218750 488281250 0
-156250 156250 488281250 0
-156250 218750 488281250 0
-62500 62500 1953125000 0
-62500 187500 1953125000 0
-125000 375000 7812500000 0
-250000 750000 31250000000 1
-375000 625000 7812500000 2
-437500 562500 1953125000 1
-468750 531250 488281250 0
-468750 593750 488281250 0
-406250 531250 488281250 0
-406250 593750 488281250 0
-437500 687500 1953125000 1
-468750 656250 488281250 0
-468750 718750 488281250 0
-406250 656250 488281250 0
-406250 718750 488281250 1
-421875 703125 122070313 0
-421875 734375 122070313 0
-390625 703125 122070313 0
-390625 734375 122070313 0
-312500 562500 1953125000 0
-312500 687500 1953125000 0
-375000 875000 7812500000 0
-125000 625000 7812500000 1
-187500 562500 1953125000 1
-218750 531250 488281250 0
-218750 593750 488281250 0
-156250 531250 488281250 1
-171875 515625 122070313 0
-171875 546875 122070313 0
-140625 515625 122070313 0
-140625 546875 122070313 0
-156250 593750 488281250 0
-187500 687500 1953125000 0
-62500 562500 1953125000 0
-62500 687500 1953125000 1
-93750 656250 488281250 0
-93750 718750 488281250 0
-31250 656250 488281250 0
-31250 718750 488281250 0
-125000 875000 7812500000 0
500000 -500000 125000000000 7
250000 -750000 31250000000 0
250000 -250000 31250000000 0
750000 -750000 31250000000 3
625000 -875000 7812500000 1
562500 -937500 1953125000 1
531250 -968750 488281250 0
531250 -906250 488281250 0
593750 -968750 488281250 2
578125 -984375 122070313 0
578125 -953125 122070313 0
609375 -984375 122070313 0
609375 -953125 122070313 0
593750 -906250 488281250 0
562500 -812500 1953125000 0
687500 -937500 1953125000 0
687500 -812500 1953125000 0
625000 -625000 7812500000 1
562500 -687500 1953125000 0
562500 -562500 1953125000 0
687500 -687500 1953125000 0
687500 -562500 1953125000 0
875000 -875000 7812500000 0
875000 -625000 7812500000 0
750000 -250000 31250000000 3
625000 -375000 7812500000 1
562500 -437500 1953125000 1
531250 -468750 488281250 0
531250 -406250 488281250 0
593750 -468750 488281250 1
578125 -484375 122070313 0
578125 -453125 122070313 1
570313 -460937 30513672 0
570313 -445312 30513672 0
585938 -460937 30513672 0
585938 -445312 30513672 0
609375 -484375 122070313 0
609375 -453125 122070313 0
593750 -406250 488281250 0
562500 -312500 1953125000 0
687500 -437500 1953125000 0
687500 -312500 1953125000 0
625000 -125000 7812500000 0
875000 -375000 7812500000 1
812500 -437500 1953125000 1
781250 -468750 488281250 0
781250 -406250 488281250 0
843750 -468750 488281250 0
843750 -406250 488281250 0
812500 -312500 1953125000 0
937500 -437500 1953125000 1
906250 -468750 488281250 0
906250 -406250 488281250 0
968750 -468750 488281250 1
953125 -484375 122070313 0
953125 -453125 122070313 0
984375 -484375 122070313 0
984375 -453125 122070313 0
968750 -406250 488281250 0
937500 -312500 1953125000 1
906250 -343750 488281250 0
906250 -281250 488281250 0
968750 -343750 488281250 0
968750 -281250 488281250 0
875000 -125000 7812500000 1
812500 -187500 1953125000 0
812500 -62500 1953125000 1
781250 -93750 488281250 0
781250 -31250 488281250 0
843750 -93750 488281250 0
843750 -31250 488281250 0
937500 -187500 1953125000 0
937500 -62500 1953125000 0
500000 500000 125000000000 11
250000 250000 31250000000 3
125000 125000 7812500000 1
62500 62500 1953125000 0
62500 187500 1953125000 0
187500 62500 1953125000 0
187500 187500 1953125000 0
125000 375000 7812500000 0
375000 125000 7812500000 0
375000 375000 7812500000 2
312500 312500 1953125000 0
312500 437500 1953125000 0
437500 312500 1953125000 0
437500 437500 1953125000 0
250000 750000 31250000000 5
125000 625000 7812500000 1
62500 562500 1953125000 0
62500 687500 1953125000 1
31250 656250 488281250 0
31250 718750 488281250 0
93750 656250 488281250 0
93750 718750 488281250 0
187500 562500 1953125000 0
187500 687500 1953125000 0
125000 875000 7812500000 0
375000 625000 7812500000 2
312500 562500 1953125000 0
312500 687500 1953125000 1
281250 656250 488281250 0
281250 718750 488281250 0
343750 656250 488281250 0
343750 718750 488281250 0
437500 562500 1953125000 0
437500 687500 1953125000 0
375000 875000 7812500000 0
750000 250000 31250000000 1
625000 125000 7812500000 0
625000 375000 7812500000 1
562500 312500 1953125000 0
562500 437500 1953125000 0
687500 312500 1953125000 0
687500 437500 1953125000 1
656250 406250 488281250 0
656250 468750 488281250 0
718750 406250 488281250 0
718750 468750 488281250 1
703125 453125 122070313 0
703125 484375 122070313 0
734375 453125 122070313 0
734375 484375 122070313 0
875000 125000 7812500000 0
875000 375000 7812500000 0
750000 750000 31250000000 6
625000 625000 7812500000 0
625000 875000 7812500000 2
562500 812500 1953125000 1
531250 781250 488281250 1
515625 765625 122070313 0
515625 796875 122070313 0
546875 765625 122070313 0
546875 796875 122070313 0
531250 843750 488281250 0
593750 781250 488281250 0
593750 843750 488281250 0
562500 937500 1953125000 1
531250 906250 488281250 0
531250 968750 488281250 1
515625 953125 122070313 0
515625 984375 122070313 0
546875 953125 122070313 1
539063 945313 30513672 0
539063 960938 30513672 0
554688 945313 30513672 0
554688 960938 30513672 0
546875 984375 122070313 0
593750 906250 488281250 0
593750 968750 488281250 1
578125 953125 122070313 0
578125 984375 122070313 0
609375 953125 122070313 1
601563 945313 30513672 0
601563 960938 30513672 0
617188 945313 30513672 0
617188 960938 30513672 1
613282 957032 7628418 0
613282 964844 7628418 0
621094 957032 7628418 0
621094 964844 7628418 0
609375 984375 122070313 0
687500 812500 1953125000 1
656250 781250 488281250 0
656250 843750 488281250 1
640625 828125 122070313 0
640625 859375 122070313 0
671875 828125 122070313 1
664063 820313 30513672 0
664063 835938 30513672 0
679688 820313 30513672 0
679688 835938 30513672 0
671875 859375 122070313 0
718750 781250 488281250 0
718750 843750 488281250 1
703125 828125 122070313 0
703125 859375 122070313 0
734375 828125 122070313 0
734375 859375 122070313 0
687500 937500 1953125000 0
875000 625000 7812500000 1
812500 562500 1953125000 0
812500 687500 1953125000 1
781250 656250 488281250 0
781250 718750 488281250 0
843750 656250 488281250 0
843750 718750 488281250 1
828125 703125 122070313 0
828125 734375 122070313 1
820313 726563 30513672 0
820313 742188 30513672 0
835938 726563 30513672 0
835938 742188 30513672 0
859375 703125 122070313 0
859375 734375 122070313 0
937500 562500 1953125000 0
937500 687500 1953125000 1
906250 656250 488281250 0
906250 718750 488281250 0
968750 656250 488281250 0
968750 718750 488281250 0
875000 875000 7812500000 2
812500 812500 1953125000 0
812500 937500 1953125000 0
937500 812500 1953125000 1
906250 781250 488281250 0
906250 843750 488281250 1
890625 828125 122070313 0
890625 859375 122070313 0
921875 828125 122070313 0
921875 859375 122070313 0
968750 781250 488281250 0
968750 843750 488281250 0
937500 937500 1953125000 0
!